1
5
6
8
13
18
21
22
25
27
40
45
79
83
88
91
93
94
95
96
97
100
101
105
110
111
113
114
115
122
127
128
131
132
136
137
138
147
148
151
155
156
159
165
168
169
172
173
174
175
180
183
187
199
203
215
216
219
225
229
235
238
248
250
253
256
259
260
262
265
267
272
273
274
276
282
283
284
285
299
301
303
309
312
316
319
328
329
330
335
339
342
345
346
348
349
365
375
377
379
381
382
388
391
393
395
398
399
400
403
410
416
419
421
422
423
429
430
439
440
441
443
445
451
453
458
460
466
470
474
475
478
481
482
484
492
493
495
498
499
501
503
508
512
522
523
524
526
529
530
533
537
539
543
545
550
572
579
581
585
587
590
591
592
593
597
603
606
615
616
618
621
627
630
631
632
634
638
640
641
642
643
644
645
648
653
655
658
659
660
666
667
669
670
675
680
683
684
686
687
688
689
690
692
693
694
695
696
698
701
702
705
707
711
714
716
717
721
723
724
725
727
728
730
731
732
735
738
739
742
745
748
749
771
776
777
789
790
791
795
800
807
809
812
817
820
822
826
831
832
833
834
836
837
840
843
849
854
856
859
865
869
870
871
878
884
886
887
892
893
903
905
910
916
918
937
946
956
963
978
980
982
996
998
1
5
6
8
13
18
21
22
25
27
40
45
79
83
88
91
93
94
95
96
97
100
101
105
110
111
113
114
115
122
127
128
131
132
136
137
138
147
148
151
155
156
159
165
168
169
172
173
174
175
180
183
187
199
203
215
216
219
225
229
235
238
248
250
253
256
259
260
262
265
267
272
273
274
276
282
283
284
285
299
301
303
309
312
316
319
328
329
330
335
339
342
345
346
348
349
365
375
377
379
381
382
388
391
393
395
398
399
400
403
410
416
419
421
422
423
429
430
439
440
441
443
445
451
453
458
460
466
470
474
475
478
481
482
484
492
493
495
498
499
501
503
508
512
522
523
524
526
529
530
533
537
539
543
545
550
572
579
581
585
587
590
591
592
593
597
603
606
615
616
618
621
627
630
631
632
634
638
640
641
642
643
644
645
648
653
655
658
659
660
666
667
669
670
675
680
683
684
686
687
688
689
690
692
693
694
695
696
698
701
702
705
707
711
714
716
717
721
723
724
725
727
728
730
731
732
735
738
739
742
745
748
749
771
776
777
789
790
791
795
800
807
809
812
817
820
822
826
831
832
833
834
836
837
840
843
849
854
856
859
865
869
870
871
878
884
886
887
892
893
903
905
910
916
918
937
946
956
963
978
980
982
996
998
1
5
6
8
13
18
21
22
25
27
40
45
79
83
88
91
93
94
95
96
97
100
101
105
110
111
113
114
115
122
127
128
131
132
136
137
138
147
148
151
155
156
159
165
168
169
172
173
174
175
180
183
187
199
203
215
216
219
225
229
235
238
248
250
253
256
259
260
262
265
267
272
273
274
276
282
283
284
285
299
301
303
309
312
316
319
328
329
330
335
339
342
345
346
348
349
365
375
377
379
381
382
388
391
393
395
398
399
400
403
410
416
419
421
422
423
429
430
439
440
441
443
445
451
453
458
460
466
470
474
475
478
481
482
484
492
493
495
498
499
501
503
508
512
522
523
524
526
529
530
533
537
539
543
545
550
572
579
581
585
587
590
591
592
593
597
603
606
615
616
618
621
627
630
631
632
634
638
640
641
642
643
644
645
648
653
655
658
659
660
666
667
669
670
675
680
683
684
686
687
688
689
690
692
693
694
695
696
698
701
702
705
707
711
714
716
717
721
723
724
725
727
728
730
731
732
735
738
739
742
745
748
749
771
776
777
789
790
791
795
800
807
809
812
817
820
822
826
831
832
833
834
836
837
840
843
849
854
856
859
865
869
870
871
878
884
886
887
892
893
903
905
910
916
918
937
946
956
963
978
980
982
996
998
