205632.000000
254592.000000
287424.000000
299520.000000
214272.000000
220032.000000
291456.000000
263232.000000
205056.000000
206208.000000
277056.000000
275904.000000
224064.000000
239040.000000
283968.000000
252288.000000
243072.000000
240192.000000
296064.000000
297216.000000
252288.000000
248256.000000
297792.000000
254016.000000
275328.000000
275904.000000
230400.000000
215424.000000
298368.000000
213696.000000
215424.000000
214848.000000
264960.000000
279360.000000
293760.000000
210816.000000
235584.000000
238464.000000
263808.000000
248256.000000
207936.000000
209088.000000
259200.000000
290304.000000
266112.000000
234432.000000
245376.000000
288000.000000
277632.000000
275328.000000
224640.000000
236160.000000
275328.000000
260352.000000
254016.000000
236736.000000
279936.000000
245952.000000
251712.000000
280512.000000
264384.000000
222912.000000
222912.000000
286848.000000
240768.000000
222336.000000
211968.000000
204480.000000
266688.000000
297216.000000
293760.000000
256320.000000
291456.000000
218880.000000
233280.000000
255168.000000
262656.000000
268416.000000
252864.000000
262656.000000
230400.000000
213120.000000
298368.000000
263808.000000
228672.000000
287424.000000
241344.000000
202176.000000
269568.000000
241920.000000
207360.000000
273024.000000
213120.000000
291456.000000
237312.000000
220608.000000
233856.000000
207360.000000
284544.000000
292032.000000
261504.000000
243072.000000
259776.000000
277056.000000
287424.000000
288576.000000
285120.000000
296640.000000
210816.000000
241920.000000
251712.000000
230400.000000
243072.000000
274752.000000
273600.000000
273600.000000
295488.000000
217728.000000
230400.000000
228096.000000
221184.000000
279360.000000
276480.000000
245952.000000
260928.000000
205056.000000
237312.000000
233856.000000
228672.000000
297792.000000
262656.000000
254016.000000
209088.000000
238464.000000
213120.000000
292608.000000
249408.000000
298944.000000
260928.000000
238464.000000
283968.000000
221184.000000
244224.000000
282240.000000
256896.000000
249408.000000
277056.000000
244800.000000
297216.000000
245952.000000
224064.000000
206784.000000
275328.000000
228672.000000
227520.000000
261504.000000
209664.000000
279936.000000
200448.000000
271296.000000
290304.000000
221184.000000
281664.000000
292032.000000
257472.000000
253440.000000
288000.000000
253440.000000
275328.000000
254592.000000
258048.000000
252864.000000
202176.000000
256896.000000
213120.000000
215424.000000
214272.000000
215424.000000
213696.000000
227520.000000
201600.000000
206784.000000
283392.000000
232704.000000
245376.000000
235584.000000
201024.000000
203328.000000
225216.000000
214272.000000
289152.000000
279936.000000
225216.000000
236736.000000
288000.000000
217728.000000
249984.000000
285120.000000
248832.000000
221760.000000
205632.000000
244224.000000
228096.000000
285696.000000
202176.000000
241920.000000
206784.000000
247104.000000
271872.000000
249984.000000
212544.000000
264960.000000
237312.000000
254592.000000
263808.000000
224640.000000
205632.000000
203328.000000
285120.000000
240768.000000
237312.000000
264960.000000
258048.000000
284544.000000
260352.000000
207360.000000
226944.000000
211968.000000
217152.000000
244800.000000
273600.000000
293184.000000
225216.000000
250560.000000
243072.000000
237312.000000
231552.000000
227520.000000
295488.000000
267264.000000
280512.000000
290880.000000
226944.000000
290304.000000
230400.000000
245376.000000
262080.000000
251136.000000
246528.000000
207936.000000
204480.000000
270144.000000
286272.000000
249408.000000
286272.000000
249408.000000
270144.000000
211968.000000
297792.000000
246528.000000
236736.000000
220608.000000
270720.000000
276480.000000
200448.000000
205632.000000
270720.000000
250560.000000
207936.000000
281664.000000
210816.000000
281088.000000
213120.000000
220032.000000
281664.000000
257472.000000
218304.000000
243648.000000
225792.000000
245952.000000
295488.000000
287424.000000
266112.000000
292608.000000
